Cerebral_artery
1.4 	0.12
1.00
70600   0.0     10000   3.5     672500	22	672500	22	672500	22	672500	22	
-1.0    90.0    90.0    0.0     45		315
0.51 	1.4   	1.4
1.00    1.30    1.08 	1.08 	1.08 	1.08 	
1050.0
0.02    0.76   	0.055	0.055	0.055	0.055	
0.0     0.0714  0.1 	0.1 	0.1 	0.1 	
2.0     1.0     1.0     1.0     1.0     1.0
0.0     0.0     0.0     0.0     0.0     0.0
1.0     0.5     0.5     0.5     0.5     0.5
0.0     0.0     0.0     0.0     0.0     0.0
14180.00  3.0
0.1428571429 0.4000000000 1.1000000000
0.8326000000 0.4163
170000
